20,23c20,23
<   0         1          1          1      
<   0         1        0       0     
<   0         1          1          1      
<   0         1        0       0     
---
>     1          1          1       0     
>     1       0      0      0     
>     1          1          1       0     
>     1       0      0      0     
28d27
<   0         1          1          1      
30,34c29,34
<   0         1          1          1      
<     1          1        0       0     
<   0         1          1          1      
<     1          1        0       0     
<   0         1        0       0     
---
>     1          1          1       0     
>     1          1          1          1      
>     1       0      0      0     
>     1          1          1          1      
>     1       0      0      0     
>     1       0      0      0     
